ret: 0.23226495852705914
mtx: [[503.68477278   0.         313.67563674]
 [  0.         503.37989194 243.25575476]
 [  0.           0.           1.        ]]
dist: [[ 2.08346324e-01 -4.68650266e-01  4.51079181e-04 -1.93373893e-03
   2.37592401e-01]]
rvecs: (array([[-0.31060359],
       [ 0.1515558 ],
       [ 1.57720394]]), array([[0.3139181 ],
       [0.58736866],
       [1.39910762]]), array([[0.33307297],
       [0.55841704],
       [1.39532836]]), array([[0.78743976],
       [0.53294469],
       [1.52233962]]), array([[0.42519317],
       [0.68127945],
       [1.34442524]]), array([[-0.40676505],
       [-0.72194813],
       [ 1.36334531]]), array([[-0.41607396],
       [-0.7647259 ],
       [ 1.33850247]]), array([[-0.23343341],
       [-0.04621596],
       [ 1.522275  ]]), array([[ 0.11068043],
       [-0.46502899],
       [ 1.48272651]]), array([[0.84715318],
       [0.19610195],
       [1.46485457]]), array([[0.28284572],
       [0.58780705],
       [1.3194868 ]]), array([[0.15172276],
       [0.57093073],
       [1.41375183]]), array([[-0.12600935],
       [ 0.26517559],
       [ 1.52229255]]), array([[-0.1929761 ],
       [ 0.37179966],
       [ 1.55313095]]), array([[-0.33899421],
       [-0.47377128],
       [ 1.59483249]]), array([[-0.15838481],
       [ 0.05212478],
       [ 1.52017069]]), array([[-0.15347862],
       [ 0.39951894],
       [ 1.49239868]]), array([[-0.2151081 ],
       [ 0.31910018],
       [ 1.53296626]]), array([[-0.21575755],
       [ 0.38055436],
       [ 1.50528033]]), array([[1.51596833e-03],
       [6.69656748e-02],
       [1.56241940e+00]]), array([[-1.46827972e-03],
       [ 4.76768779e-02],
       [ 1.56724499e+00]]), array([[-9.09292387e-04],
       [ 3.66898485e-02],
       [ 1.56666819e+00]]), array([[-0.44555026],
       [-0.30730569],
       [ 1.53807621]]), array([[-0.01540714],
       [ 0.08681116],
       [ 1.54169614]]), array([[0.45057599],
       [0.54006295],
       [1.38860638]]), array([[-0.69506538],
       [-0.57631163],
       [ 1.45019819]]), array([[-0.55132416],
       [-0.99705698],
       [ 1.23526952]]), array([[1.02215382],
       [0.41241127],
       [1.47957469]]), array([[0.61951873],
       [0.08486798],
       [1.49114099]]), array([[-0.40374551],
       [-0.06016137],
       [ 1.53168687]]), array([[-0.29895082],
       [ 0.18643046],
       [ 1.57442937]]), array([[-0.23749973],
       [ 0.22031738],
       [ 1.55996673]]))
tvecs: (array([[ 5.48323978],
       [-1.00919763],
       [12.77906849]]), array([[ 2.56380074],
       [-2.03560398],
       [ 9.88163046]]), array([[ 2.78198101],
       [-2.71047535],
       [ 9.46752665]]), array([[ 1.53264336],
       [-2.40441741],
       [ 8.16064041]]), array([[ 0.68602451],
       [-2.48343549],
       [10.55202064]]), array([[ 3.45373764],
       [-3.32563976],
       [12.92869075]]), array([[ 2.927001  ],
       [-3.8124096 ],
       [13.08614645]]), array([[ 5.73455513],
       [-2.70716913],
       [14.02946082]]), array([[ 4.82906644],
       [-2.55201216],
       [ 9.98282155]]), array([[ 1.0790422 ],
       [-2.10327764],
       [ 7.64270833]]), array([[ 1.91174366],
       [-3.16265821],
       [ 8.87645259]]), array([[ 1.67727174],
       [-2.44980132],
       [ 9.10099492]]), array([[ 3.4677332 ],
       [-2.25213533],
       [ 9.84036389]]), array([[ 4.5987613 ],
       [-2.88581944],
       [11.2694964 ]]), array([[ 5.09427351],
       [-2.62523423],
       [14.86684381]]), array([[ 3.00290714],
       [-2.37996175],
       [19.24801655]]), array([[ 3.49959139],
       [-2.02204682],
       [14.0114402 ]]), array([[ 3.1533137 ],
       [-2.52597187],
       [11.1719889 ]]), array([[ 3.58609878],
       [-2.24346754],
       [10.52411658]]), array([[ 4.19975796],
       [-2.45106708],
       [ 9.34149497]]), array([[ 3.9567282 ],
       [-2.67422839],
       [ 8.57511753]]), array([[ 3.74275493],
       [-2.91015673],
       [ 8.21848023]]), array([[ 5.43496492],
       [-2.41530305],
       [14.43833827]]), array([[ 3.71941416],
       [-2.58185513],
       [ 8.4887555 ]]), array([[ 3.05920063],
       [-2.48136724],
       [ 9.46742967]]), array([[ 2.15837973],
       [-2.69161395],
       [14.54502612]]), array([[ 0.94099621],
       [-4.46958494],
       [14.14987195]]), array([[ 2.16201438],
       [-2.05542549],
       [ 7.39413122]]), array([[ 2.84015628],
       [-2.06069187],
       [ 7.18834522]]), array([[ 2.21391313],
       [-2.32755227],
       [14.87011037]]), array([[ 5.11289273],
       [-0.85351624],
       [13.36840857]]), array([[ 2.75337631],
       [-1.26097867],
       [12.69840455]]))
